1.73536e-06,1.14197e-08,1.09667e-08,1.08865e-08,1.09154e-08,1.10012e-08,1.09857e-08
1.14197e-08,2.52618e-07,1.1695e-08,1.16095e-08,1.16403e-08,1.17318e-08,1.17153e-08
1.09667e-08,1.1695e-08,6.95875e-07,1.1149e-08,1.11785e-08,1.12664e-08,1.12505e-08
1.08865e-08,1.16095e-08,1.1149e-08,3.98522e-07,1.10968e-08,1.1184e-08,1.11683e-08
1.09154e-08,1.16403e-08,1.11785e-08,1.10968e-08,1.96636e-07,1.12136e-08,1.11979e-08
1.10012e-08,1.17318e-08,1.12664e-08,1.1184e-08,1.12136e-08,1.47365e-07,1.12859e-08
1.09857e-08,1.17153e-08,1.12505e-08,1.11683e-08,1.11979e-08,1.12859e-08,6.62637e-08
